I_1,I_2,I_3,I_4,I_5,I_6,I_7
 0,249.486,55503.9,1.05356e+07,1.01382e+07,1.04748e+14,2.3878e+09,-2.52267e+12
 0,4.696,19.2067,591.164,614.723,370473,2693.04,-8561.86
 0,-59307.6,3.53511e+09,8.40675e+14,8.35919e+14,7.00746e+29,-4.97011e+19,1.16528e+25
 0,-93.5936,6687.31,1.11468e+06,250932,2.27791e+10,4.20941e+06,1.30742e+11
 0,6.29068,36.4672,156.844,173.607,28646.8,1036.66,170.91
 0,-122.039,19014.7,2.18723e+07,1.94577e+07,4.01324e+14,-2.67783e+09,8.15184e+12
 0,-31254.1,9.48483e+08,1.11243e+14,1.13886e+14,1.28187e+28,-3.50729e+18,1.49692e+25
 0,9.04135,66.0732,157186,164560,2.64662e+10,1.2738e+06,-4.65193e+06
 0,20.0333,180.968,267.65,1649.56,-69438.9,21120.8,-1.09387e+06
 0,15.5877,205.429,1389.55,1373.98,1.89758e+06,17284.1,58745.9
 0,19.9808,78.0072,312.078,113.326,-4557.31,-239.505,-20819
 0,18.7982,72.8055,375.513,449.914,128242,38.8959,-133240
 0,16.8771,22.0568,202.118,399.703,75477.2,-413.485,-84911.3
 0,   0,   0,   0,   0,   0,   0,   0
 0,57.1679,1454,15060.2,4846.45,-3.52971e+07,155429,2.16442e+07
 0,11.1899,20.952,207.164,291.576,30226.9,444.16,64974.6
 0,-1.03293,2.05997,23.1164,5.47782,48.9409,2.81639,-37.476
 0,74.387,4781.89,530827,598448,3.37265e+11,4.0977e+07,4.84649e+09
 0,-6551.9,4.48202e+07,1.23625e+12,1.18496e+12,1.4342e+24,-7.93302e+15,2.96878e+21
 0,14.9691,16.7468,145.876,41.2406,-3198.25,29.9099,-56.0033
 0,55.7716,303728,2.40493e+09,8.19968e+08,1.04756e+18,3.43192e+11,4.77985e+17
 0,361.794,116111,540518,72554.6,1.32316e+10,-3.66426e+06,-5.60085e+09
 0,-444674,1.98577e+11,3.53991e+17,3.52444e+17,1.24489e+35,-1.57056e+23,2.80827e+30
 0,2.15977,3.98685,15.7225,17.781,297.222,35.4159,6.82328
 0,115.341,10903.4,4792.79,15179.6,1.26142e+08,1.58499e+06,-2.91879e+07
 1,-37.8981,540.88,45331.7,152335,1.22962e+10,-3.50908e+06,3.00917e+09
 1,14.3513,108.249,425.947,923.479,401210,9604.73,417717
 1,27.1824,246.341,1918.54,9865.01,4.25701e+07,154761,-5.44707e+06
 1,25.8079,155.095,4020.25,710.518,74219.1,8184.3,1.19856e+06
 1,24.9793,121.543,801.903,352.788,-83242.5,2967.79,-168168
 1,56.6939,1968.65,47521.2,12770.4,3.03745e+08,358136,8.19108e+07
 1,-0.517776,1.99347,0.715049,22.6968,41.2575,-31.9911,-81.5981
 1,22.6255,232.879,581.787,3674.87,4.49418e+06,55008.3,2.94539e+06
 1,41.6563,390.718,21141.6,15101.1,2.46228e+08,240339,1.10348e+08
 1,-224.641,16180.3,4.2793e+06,1.29083e+07,8.98839e+13,-1.43681e+09,3.35407e+13
 1,-170.451,6331.48,2.30241e+06,6.99343e+06,1.89252e+13,-4.49136e+08,2.07206e+13
 1,32.0381,319.388,7705.79,8152.34,5.64981e+07,118671,3.13534e+07
 1,-6.22189,5.2304,1649.53,2947.41,-1.47721e+06,5234.06,-6.32879e+06
 1,31.3517,123.235,3046.24,1835.33,1.28633e+06,20204.3,-4.14462e+06
 1,18.7219,84.2197,386.517,4755.68,1.7235e+06,43538.4,-6.21306e+06
 1,11.0835,34.0529,246.06,2260.86,1.39834e+06,13178.9,-942443
 1,27.4792,266.375,3866.31,931.579,1.14141e+06,14860.2,-1.35017e+06
 1,-1355.36,2.24671e+06,1.43871e+10,1.20396e+10,1.58443e+20,-1.80461e+13,-1.93224e+18
 1,-737.397,785064,3.01556e+09,2.2577e+09,5.88818e+18,-2.00041e+12,1.79749e+17
 1,16.1827,67.1884,325.826,574.319,-93813.1,4707.26,230048
 1,-15.6167,26.1721,9106.31,27022.6,2.40597e+08,-137092,-3.49002e+08
 1,1.10922,1.91303,0.22166,0.326895,-0.0527605,0.0983729,-0.0704228
 1,-26.0912,339.271,37931.8,62603.3,2.94852e+09,-1.14723e+06,7.82882e+08
 1,44.4708,255.75,9292.35,4376.41,1.23759e+07,47573.6,-2.50147e+07
 1,22.3778,70.2346,2779.12,15715.6,9.46627e+07,26314.3,4.27323e+07
 2,1.51736,2.84508,0.115499,0.0586165,-0.00365917,-0.098638,-0.00314199
 2,-0.890263,8.05263,676.455,338.366,161287,250.25,13868.3
 2,0.118003,0.133786,8.5221,8.3927,70.4743,1.17201,8.44363
 2,0.010457,0.027792,5.68248,5.72979,32.5347,0.347826,3.23026
 2,26.3414,624.46,45826,57996.2,2.98263e+09,1.39928e+06,-2.08181e+08
 2,0.582243,0.357235,0.0193067,0.041988,0.00115746,0.0174472,-0.00029909
 2,6.60634,32.6152,153.628,278.626,57533.4,1578.13,-3598.46
 2,1.21219,1.8443,0.0721892,0.0452128,-0.00150796,-0.059931,-0.00209715
 2,-1.94781,3.0499,92.2209,129.036,14058.3,-224.747,706.224
 2,-0.111068,0.205724,1.94868,0.663728,0.500769,0.195574,-0.564814
 2,0.523597,0.206465,0.0385937,0.0135889,0.000242374,0.00562562,-0.000195188
 2,1.2214,1.08354,19.9335,22.4468,474.305,23.2861,-21.9957
 2,1.40568,2.32786,0.142616,0.291685,0.0493528,0.410908,-0.0332197
 2,-145.079,26287.7,2.00685e+07,1.31391e+07,2.12439e+14,-2.12173e+09,1.97503e+13
 2,-5.94054,52.4983,3302.19,983.486,1.76657e+06,-7125.92,143228
 2,0.77763,0.494997,0.333195,0.306261,0.0975992,0.215331,-0.00676633
 2,-45.1237,1785.5,333724,395443,1.43622e+11,-1.67078e+07,3.07996e+09
 2,0.136518,0.0520717,3.53183,3.43306,11.8456,0.631637,1.60778
 2,0.529792,0.219206,0.173035,0.143003,0.0224436,0.0669049,-0.00151776
 2,2.93735,12.7485,37.1331,13.9602,249.655,44.4989,196.719
 2,2.33683,2.85021,6.22221,85.2629,179.651,127.275,-1955.63
 2,0.0421187,0.0328225,5.04081,5.0429,25.2728,0.431766,2.78325
 2,   0,   0,   0,   0,   0,   0,   0
 2,1.65333,3.08482,0.204746,0.340438,0.0810468,0.591069,-0.0388575
 2,0.684626,0.400111,0.109506,0.0692601,0.00593412,0.0430953,-0.00108088
 3,374.764,132252,2.80631e+06,1.83503e+06,4.1225e+12,5.77351e+08,-5.88008e+11
 3,862.481,734120,1.95617e+08,2.07093e+08,4.1682e+16,1.77438e+11,-1.08713e+14
 3,840.466,688065,7.13378e+07,6.47573e+07,4.40135e+15,5.37139e+10,-2.48973e+13
 3,17.3392,242.312,21.6675,11.1943,173.971,174.233,11.3312
 3,534.062,276684,6.93549e+06,7.56035e+06,5.47449e+13,3.95846e+09,-3.26491e+11
 3,292.732,89136.6,1.05266e+08,4.54157e+07,2.9586e+15,1.18803e+10,-1.05232e+15
 3,489.538,237650,2.33836e+06,1.93698e+06,4.1217e+12,9.19329e+08,-7.19018e+10
 3,36.3143,1106.83,477.823,194.785,55496.1,4981.98,21247.5
 3,136.961,17649,1.01399e+06,883845,8.36535e+11,1.1376e+08,1.76643e+10
 3,291.794,81165.6,1.90445e+07,1.93878e+07,3.72545e+14,5.51366e+09,-8.7406e+11
 3,24.4258,489.804,70.6625,12.6628,367.847,274.562,90.3571
 3,16.0919,195.623,20.0147,6.14535,65.6678,82.6386,-18.242
 3,20.871,355.538,109.605,49.1409,3573.3,914.106,487.78
 3,10.7576,90.7084,2.92373,0.347675,0.348314,3.30362,0.0393819
 3,14.9808,178.615,25.9864,9.56023,150.098,121.326,-13.3085
 3,410.586,163184,1.97109e+07,1.9623e+07,3.85919e+14,7.91878e+09,-1.47828e+12
 3,260.752,62667.7,1.86818e+06,1.69597e+06,3.01845e+12,4.18267e+08,-4.63701e+10
 3,361.385,123948,749448,289400,1.2004e+11,5.45642e+07,-6.12821e+10
 3,15.9903,203.339,23.1535,6.36316,76.7107,90.3973,-8.9892
 3,224.558,49855.9,1.92765e+07,1.71226e+07,3.11066e+14,3.82158e+09,2.795e+12
 3,6.84823,11563.1,1.29583e+08,3.88851e+07,2.27494e+15,-3.89511e+09,1.56321e+15
 3,213.998,43259.4,3.44665e+06,3.57875e+06,1.25688e+13,7.43256e+08,2.53543e+10
 3,83.8991,5974.05,4715.34,589.687,-964242,-45480.1,192682
 3,105.405,20050.2,2.60311e+07,4.39253e+06,1.02427e+13,3.89656e+08,4.58393e+13
 3,330.36,103410,1.62646e+08,1.60048e+08,2.58223e+16,5.1467e+10,-2.48415e+13
 4,9.90783,69.0712,0.965518,0.789179,0.66745,6.32445,0.170487
 4,-534494,2.49907e+11,5.19825e+17,5.71391e+17,3.11368e+35,-2.85587e+23,-4.93701e+33
 4,212.38,42583,3.81854e+06,4.44703e+06,1.83254e+13,9.14102e+08,-5.1667e+09
 4,18.1424,251.266,64.9001,24.832,994.295,374.832,-71.669
 4,45.9269,1810.1,23406.4,28933.6,7.5189e+08,1.23091e+06,4.01258e+07
 4,220.924,46404.6,9.26798e+06,1.02268e+07,9.95618e+13,2.20093e+09,6.09335e+11
 4,1066.83,1.13433e+06,1.3638e+08,1.38895e+08,1.91163e+16,1.47929e+11,-2.74745e+12
 4,62.2452,3454.95,16854.1,23807.5,4.76831e+08,1.39937e+06,7.83147e+06
 4,-1020.2,1.55501e+06,1.34402e+10,7.63736e+09,7.63139e+19,-9.48944e+12,-1.27899e+19
 4,310.338,124212,4.79881e+07,1.53992e+07,3.80829e+14,5.32457e+09,-1.73798e+14
 4,515.627,255496,39123.5,2733.38,-1.55574e+07,1.18123e+06,2.35998e+07
 4,30.2129,641.986,126.619,269.384,49179.2,6756.33,7524.08
 4,-96373.3,2.16688e+10,1.41031e+16,5.5442e+15,4.70337e+31,-8.03999e+20,1.38294e+31
 4,101.478,8665.13,52928.9,65671.9,3.8516e+09,6.04062e+06,3.95285e+08
 4,13.7612,122.31,6.55356,5.5042,32.5543,56.5483,5.75035
 4,24.2602,378.942,70.2012,174.878,13551.5,3260.46,13849.4
 4,26.6616,456.912,228.212,30.3937,659.018,-18.5312,2444.01
 4,426.458,177018,3.19614e+06,3.9513e+06,1.40394e+13,1.66233e+09,-2.59193e+11
 4,-558091,3.10958e+11,6.98814e+17,6.99893e+17,4.89473e+35,-3.90286e+23,-1.03629e+31
 4,-1253.36,1.63965e+06,1.58317e+10,1.50919e+10,2.33281e+20,-1.9325e+13,4.35165e+17
 4,206.014,43616.7,7.55404e+06,4.31878e+06,2.45678e+13,9.01924e+08,-2.21953e+12
 4,173.034,68208.1,2.17484e+08,8.48673e+07,1.06015e+16,2.21644e+10,-4.53283e+15
 4,25.8858,414.721,2698.3,315.315,2214.1,-3902.3,290837
 4,24.2603,410.685,217.07,17.2848,-375.955,-175.379,-989.757
 4,214.228,43343,15765.5,47220.1,1.28774e+09,9.82315e+06,4.06688e+07
 5,-1.41076,0.816346,6.11035,43.5793,-111.673,-34.8842,702.314
 5,0.275595,0.159943,0.023266,0.0490246,0.000314804,-0.015601,-0.0016255
 5,-0.135372,0.506658,1.2687,2.51929,4.50379,-1.74864,0.0400536
 5,0.190042,0.0014925,0.00418587,4.11764e-05,1.66827e-08,1.58876e-06,-3.73112e-09
 5,0.195581,0.000108443,0.00471972,5.81048e-06,9.57172e-10,4.86768e-08,9.84766e-11
 5,-0.247915,0.166853,0.671652,1.58474,-0.520023,-0.499238,1.55006
 5,0.579582,0.22526,0.0537172,0.0327951,0.000402778,0.01073,0.00131623
 5,0.189674,0.000775238,0.00411898,1.33154e-05,2.78692e-09,3.47959e-07,1.399e-09
 5,0.194993,0.000215856,0.00421251,2.29047e-06,2.46945e-11,5.88025e-09,2.23627e-10
 5,-0.720202,0.209121,1.59346,8.55202,-23.5585,-2.99559,21.0156
 5,1.17242,0.0259649,1.66781,6.76426,-18.7355,0.296962,12.8517
 5,1.13756,0.0465473,1.0843,5.50965,-13.3722,0.101779,-1.59228
 5,0.81631,0.0189734,1.40916,1.62207,0.91327,0.0949047,-2.27597
 5,-3.35521,2.33171,10.2496,326.554,-13001.4,-498.502,13707.1
 5,0.19199,0.000434673,0.00483347,1.46117e-05,1.46628e-09,1.6975e-07,3.59563e-09
 5,-3.99462,4.59614,62.0856,490.875,16727.8,-1023.01,-84045.9
 5,0.193052,0.000141176,0.00400191,3.76767e-07,-2.4064e-12,3.25319e-09,-1.44307e-11
 5,-1.04252,0.451649,2.47127,21.6569,-66.2129,-12.3898,143.937
 5,0.192328,0.000633099,0.00497108,1.18247e-05,2.66839e-09,2.41447e-07,-1.04821e-09
 5,0.193413,9.12078e-05,0.00427696,1.30055e-06,8.96687e-11,1.18732e-08,-3.69844e-11
 5,0.195914,9.24493e-05,0.00479461,4.91151e-06,6.84572e-10,4.13143e-08,3.15321e-10
 5,0.586477,0.261696,0.0385532,0.0305594,0.000739934,0.0141797,0.000743479
 5,1.49259,0.380273,4.81,13.886,-39.1533,6.45572,-106.517
 5,0.1915,0.000642929,0.00486557,2.29956e-05,-3.97677e-09,-2.72334e-07,6.58415e-09
 5,-2.7698,3.19379,38.7814,203.201,5784.93,-338.769,17085.7
 6,0.180086,0.00131557,0.0026143,0.000264567,-2.17017e-07,-1.70494e-06,3.62894e-08
 6,0.216692,0.00668903,0.00604923,8.99974e-05,-9.3329e-09,1.00167e-06,6.5745e-08
 6,0.218241,0.00102501,0.00775695,0.000845363,-2.08261e-06,-2.53581e-05,5.90703e-07
 6,0.170899,0.000239978,0.00248202,0.000409525,3.3977e-07,-1.59235e-06,2.34576e-07
 6,-0.70867,18.5224,115.471,325.237,28148.3,-1083.36,56393.8
 6,0.203968,0.00778154,0.0045827,0.000553859,5.92408e-07,2.32896e-05,6.53957e-07
 6,2.38615,1.34664,0.0236315,7.36845,-2.50659,2.59407,1.78076
 6,0.218081,0.000991631,0.00810956,0.000574969,-1.15494e-06,-1.66507e-05,4.55595e-07
 6,-66.6619,755.483,57558.9,227214,5.12959e+09,-2.54903e+06,-2.54729e+10
 6,0.187943,0.0010867,0.00451459,0.000125354,-6.56132e-08,-4.05285e-06,-6.7732e-08
 6,0.152218,0.00101376,0.000211209,0.000617341,1.43373e-07,-1.59227e-05,1.70693e-07
 6,1.44383,0.41499,0.349845,0.680018,0.33106,-0.378612,-0.020265
 6,0.199046,0.283948,0.087751,0.374085,0.0639245,-0.165989,-0.0225247
 6,0.184924,0.00221248,0.00402455,0.000134432,-8.77289e-08,-6.31455e-06,-4.56193e-08
 6,0.186311,0.00200595,0.00412654,8.03972e-05,-4.6246e-08,-3.34387e-06,2.39256e-09
 6,-0.40766,0.218983,0.835481,8.3507,-6.63898,-3.26896,21.0345
 6,1.49512,0.613911,0.384987,4.06063,-3.98443,2.45441,3.14658
 6,0.186242,0.00161072,0.00422052,9.91334e-05,-5.31292e-08,-3.96561e-06,-3.59031e-08
 6,-70.8968,41.7349,14297.7,239698,1.18866e+10,-200477,-7.45759e+09
 6,0.393097,0.638188,0.369407,1.48109,-0.496072,1.09127,0.976782
 6,1.78682,0.783921,0.218587,9.26483,12.2046,5.37488,-4.98836
 6,0.275716,0.223871,0.0183186,0.155902,0.00635005,-0.0476775,-0.00539355
 6,2.81601,2.25238,0.701756,24.6299,-55.915,28.9653,85.7829
 6,0.175065,0.00215747,0.00207125,0.000420112,-3.91886e-07,4.91872e-08,-1.49547e-09
 6,1.96138,1.15881,5.91032,14.7466,84.7857,15.775,-108.466
 7,37.104,452.364,3246.57,1339.16,2.74876e+06,10537.4,491136
 7,139.9,13021.5,66969.2,9002.78,3.78019e+07,677124,2.178e+08
 7,72.2932,3193.6,107831,59182.7,4.7277e+09,3.27916e+06,3.90575e+07
 7,28.6567,319.145,3123.4,356.046,186836,4695.29,-325681
 7,50.4057,817.593,1828.95,18525.1,-1.02503e+08,496532,3.34752e+07
 7,6.65264,2043.45,5.70716e+06,856827,1.67128e+12,-3.81637e+07,-8.92681e+11
 7,49.8593,422.449,30398.4,11311,-2.07942e+08,221852,-2.73783e+07
 7,134.446,10395.3,50352.4,13298.3,3.1658e+08,1.28982e+06,1.34878e+08
 7,1.67066,0.69329,4.28928,2.93237,5.714,2.02776,8.68926
 7,5.92904,5.09386,1.37083,344.277,7371.92,768.112,-1261.95
 7,0.767979,0.720964,0.123741,0.257712,0.0422207,0.199625,-0.0183131
 7,0.986102,1.48678,0.75135,1.8429,1.86085,2.20543,-1.11354
 7,-92.7497,9608.36,4.5931e+06,4.20498e+06,1.84791e+13,-4.12176e+08,1.67101e+11
 7,2.39835,10.0013,5.18022,3.62364,8.21917,8.99933,13.3763
 7,-1.04908,0.872157,19.5915,35.7876,947.474,-32.4052,-16.3358
 7,1.52398,1.90149,0.277564,0.127406,0.017982,0.154697,-0.0158329
 7,6.86858,64.3438,14.2494,0.136364,0.0251225,-1.04948,0.188418
 7,13.5368,77.4258,143.522,69.3898,59.8416,468.44,-6924.47
 7,2.66979,4.27296,31.3008,43.2492,1573.2,88.444,239.144
 7,36.6183,1208.77,1.38132e+06,2.42261e+06,4.08209e+12,3.77523e+07,-1.72529e+12
 7,54.1557,6442.69,1.51874e+06,165901,-1.3551e+10,9.75661e+06,8.2165e+10
 7,0.236374,0.663631,0.0902624,0.38775,-0.0383888,-0.301292,0.0615504
 7,25.2029,258.878,2059.34,186.754,-106841,-1924.95,-44702.1
 7,67.0381,2528.59,19107.5,30882.9,6.45813e+08,1.53997e+06,3.81749e+08
 7,-0.993705,4.45005,61.8169,47.8195,2591.33,-93.5908,-211.271
 8,392.51,141447,4.19668e+07,4.28466e+07,1.81684e+15,1.61141e+10,1.20934e+13
 8,102.536,8892.07,2665.39,3398.72,9.99714e+06,307891,-2.16789e+06
 8,15.5856,174.599,21.1567,10.8606,163.026,143.436,22.9058
 8,73.8209,4536.67,21242.9,14576,2.55313e+08,874179,-2.45096e+07
 8,115.044,11126.8,171268,96236.8,1.21159e+10,8.76245e+06,-2.41988e+09
 8,11.9449,117.148,58.2421,19.3093,-377.517,143.952,-526.112
 8,232.968,112804,1.97149e+08,5.0449e+07,3.80853e+15,1.64303e+10,3.28763e+15
 8,615.632,381398,5.53057e+06,873975,1.42092e+12,2.88303e+08,1.29346e+12
 8,-0.948735,20.7936,3138.41,327.51,-289042,940.457,-163421
 8,37.047,951.901,416.495,187.683,51856.8,2890.57,-8023.56
 8,6.48152,40.5925,6.24022,5.27898,29.943,33.6327,4.62959
 8,   0,   0,   0,   0,   0,   0,   0
 8,0.195098,0.000632002,0.00466309,1.23208e-05,-2.50093e-09,-2.75981e-07,1.57063e-09
 8,   0,   0,   0,   0,   0,   0,   0
 8,0.447037,0.173401,0.0232494,0.0128214,0.000219292,0.00517196,-3.02201e-05
 8,0.224643,0.0170616,0.00391911,0.000234494,-2.94312e-08,-8.13211e-06,-2.22863e-07
 8,   0,   0,   0,   0,   0,   0,   0
 8,   0,   0,   0,   0,   0,   0,   0
 8,7.66986,57.2733,12.6438,15.2834,212.328,114.782,-7.38836
 8,0.903621,0.997529,678.503,713.607,496499,708.841,-7239.2
 8,   0,   0,   0,   0,   0,   0,   0
 8,-940.397,797992,2.98104e+09,3.41316e+09,1.08846e+19,-3.04875e+12,2.38978e+17
 8,0.181627,0.0030092,0.00069404,6.34809e-07,3.67816e-12,-2.9036e-08,-1.2807e-11
 8,6.02893,816.326,42989.2,42163.6,1.70325e+09,-926667,-5.66809e+08
 8,   0,   0,   0,   0,   0,   0,   0
 9,68.8303,171.103,24384.4,8591.12,-5.8977e+07,-29499,1.09469e+08
 9,46.2727,47.4821,13113.2,2523.79,1.18292e+07,17361,8.41829e+06
 9,50.4633,562.634,81732.7,10634,2.26222e+08,-565.99,-2.17042e+08
 9,50.23,105.306,5540.52,363.833,457266,3273.6,-240316
 9,78.7949,381.499,21887.7,12933.4,1.76619e+08,-45271.6,1.27114e+08
 9,53.933,10.3513,2017.99,548.274,-487625,-131.306,-307922
 9,59.3551,821.906,210713,15545.3,-2.83164e+08,-201649,8.43435e+08
 9,73.4072,23.655,2676.56,494.41,514739,2193.48,-241903
 9,49.0393,14.1182,342.821,3469.17,-945197,10943.1,3.66333e+06
 9,50.3818,118.768,4920.26,2975.65,-1.08773e+07,-30552.2,-3.36489e+06
 9,55.8153,22.6537,9451.63,5472.45,3.93552e+07,-99.2461,-419168
 9,49.0002,48.1816,4199.84,284.099,310183,1914.82,9455.13
 9,69.9493,50.8212,12512.3,2415.91,3.79594e+06,-15623.5,-1.27288e+07
 9,58.6964,246.213,30418.8,10522.7,8.65537e+07,8775.33,1.67185e+08
 9,53.3893,246.761,26104.7,7884.43,-1.12159e+08,-123229,1.46653e+07
 9,66.9965,60.9841,8941.97,943.982,-2.24862e+06,-4295.75,1.57021e+06
 9,42.2846,119.376,3906.44,722.848,-262128,-6157.03,1.18606e+06
 9,49.9442,51.7042,8441.07,2680.57,-8.88352e+06,-18825.3,9.14702e+06
 9,75.9547,208.394,19198,10708.8,1.36025e+08,106938,-7.12308e+07
 9,85.432,1059.13,230423,52526.8,3.62537e+09,691784,4.50008e+09
 9,70.8215,161.011,48698.3,629.079,631610,7633.63,-3.42412e+06
 9,60.6942,268.109,31302.4,1157.79,-6.21687e+06,-15745,-3.15155e+06
 9,66.3974,585.661,36926.8,9328.46,1.10171e+08,109958,1.3356e+08
 9,48.0604,1247.23,182476,5941.18,1.65157e+08,40256.8,1.04834e+08
 9,58.4345,379.473,37172.6,10095.2,-4.7507e+07,-36290.8,1.89703e+08
